guadeloupe
0
Dijkstra
1000
501 12537
6442 23275
28519 33607
29200 10964
22642 25020
20373 7663
33353 19279
26923 15890
2017 27022
7980 31035
21603 21431
15083 33120
7294 1035
3992 32518
15910 23361
31925 7327
17334 15164
6614 15741
24539 29990
6203 7657
31135 16983
5618 20058
24252 24704
20825 3700
32798 12650
15513 15183
25954 7851
21467 21829
1657 2865
3551 8190
27264 32173
11930 6194
6825 21653
11357 22672
33156 8198
30777 21493
33523 30039
24100 26616
3810 9900
29713 4751
31506 24626
13238 7153
16968 6218
31192 17573
13582 941
12537 1801
27976 29106
17726 29311
8464 19238
34420 25728
5339 8792
12379 11891
25986 6412
32739 6382
25290 27703
23870 18353
14661 25266
13780 7322
18804 13829
12799 3893
11133 24761
15175 13407
19558 31077
1964 4577
4879 11191
21258 2765
15163 9258
12037 26145
10009 15665
3976 22068
16860 29218
32315 23460
30258 14140
31454 11250
17601 13030
482 17148
24459 11941
10272 23309
30923 13439
12047 3209
16657 28584
8693 21253
16005 26312
10203 12521
22446 31637
20506 10203
21128 42
19947 555
11391 27794
31917 32787
9858 26131
18895 11620
18017 25674
32502 34568
6091 20902
11950 10480
2666 11287
28791 2668
28635 16811
21664 19116
33915 21178
26140 8879
11545 20878
21142 12467
18624 22968
1488 27549
4574 30243
13057 937
4022 4122
24590 10665
12790 31645
31679 9535
9970 2304
3106 10108
15253 26296
12045 32583
1157 1982
3315 30183
6713 26311
14049 8866
31197 746
23490 29756
7659 2744
31935 11909
9988 17586
24238 6455
6194 26012
31999 8430
15480 13453
2099 21304
32079 12400
20342 17112
12876 16419
4625 21333
13970 108
6784 1338
23083 24114
14106 11390
19514 12178
26167 2971
22751 20502
9018 30950
32340 18676
15134 24061
27052 18824
27311 29447
8538 27230
18754 31129
13164 22549
2461 29616
13564 4680
12709 24034
15873 6442
29312 28920
22268 14330
30642 10652
31553 9796
6514 21800
21311 10877
18946 6841
14866 20379
2902 10388
32554 17735
3257 24745
4269 5348
3314 10787
31843 1412
32350 27048
18196 29119
26003 32938
2477 27666
25522 18208
15399 16962
33110 29039
270 10034
33056 4238
20643 11225
24692 27133
20011 34492
4555 4386
17470 5174
19787 26724
12655 7377
10950 8022
28586 21932
25972 27263
17880 28827
31191 30037
34425 16730
30866 10790
27425 31327
28493 428
30295 23413
29347 17692
28858 6556
15598 29031
9146 20105
17803 14856
22604 23094
559 12177
21338 4769
23495 9654
20076 24586
10336 21608
8301 13260
9077 11458
11461 18144
27983 29393
26958 4157
8076 19533
11840 18718
10163 4692
7355 3585
33228 28495
31920 29510
13302 19332
20543 23577
33565 17085
23101 9644
13809 28382
26576 18205
18160 13664
11383 14184
20205 6207
22629 9086
14046 32849
10962 11336
16544 32845
10437 8116
16359 4351
16795 28142
9862 10993
33443 26662
29694 16998
5624 26670
4989 26166
12108 18315
33821 2028
8686 19439
25955 17308
27748 33468
24063 26065
13256 32070
7701 25213
29742 3694
9018 18345
1001 1995
19538 16000
32376 11693
17412 2002
10604 32999
31831 2375
12913 20421
2602 19780
33796 33453
30516 32081
19217 7067
14535 30406
10793 6673
22176 28382
30356 30272
12461 24002
13238 18645
19487 17109
3840 4186
12153 27076
13249 13066
18068 21594
25216 31555
32698 33998
27037 24947
3696 28934
34334 20696
545 10536
23802 22077
19805 15129
6040 15108
7298 7459
30788 23987
19707 31541
4083 22182
4435 32137
23490 11312
18321 16977
26835 24875
16381 8906
14283 21892
23482 295
33122 21255
19587 12301
26231 32077
20177 4623
18952 13183
30321 25788
29396 15640
1265 10461
22086 25813
7553 5369
8746 10028
850 8847
31608 11486
3808 10432
9766 16655
19837 6006
22625 27917
9134 27183
19917 33246
27816 30302
17398 16031
17471 33571
24379 23299
25623 23697
2414 8891
20775 21014
21517 14655
7670 21942
5326 13920
8374 19121
28165 8887
25399 9164
13921 34462
12259 5170
13743 22168
19965 18538
11663 553
15374 28218
25011 16028
6689 6141
31717 20976
5832 14273
6196 3846
10455 19196
601 11884
6893 34039
11913 2020
23944 17612
25855 2346
17428 14832
15278 34504
5545 34493
20437 11357
8139 28019
14771 34590
17661 24398
7286 17288
23823 26881
3770 7746
2847 4185
24625 24783
21936 3811
21174 18789
16419 25218
20493 63
12474 2606
6590 22244
23057 5862
16658 22933
13775 5330
13091 8271
10718 23459
13434 2725
6869 29016
3517 21414
26044 13956
34343 17995
5625 6568
24797 3524
6298 11409
31217 17581
6742 33242
11717 8269
19188 24036
17481 8515
18492 30970
34328 16882
2242 19452
24156 26027
21707 11454
14466 4396
5267 28176
18233 5296
25782 12122
25754 15636
16939 2707
17206 23596
32421 28043
22112 2402
32408 6913
20260 33699
9929 22461
14437 34470
12261 14797
11776 12848
7253 12785
6534 2361
9344 1243
7617 19626
1194 4386
15110 15451
23376 16916
21894 2132
12560 28798
11325 6722
94 13353
3543 27325
16530 12716
15831 21672
34059 5728
27524 25362
16442 13651
34305 6137
4501 15985
21223 17749
1476 29874
8142 22900
5141 32151
30623 26634
21460 21353
17884 12478
21504 3364
9075 24937
28077 5268
28886 16815
25162 14008
27630 29305
8729 23312
17726 21839
9036 28483
13449 2013
2016 7770
25271 21907
2556 9268
8538 31374
18386 30047
20565 4607
11690 19879
16640 15225
18907 8515
34281 9182
20003 25456
15157 10849
20731 15927
29550 7017
16789 21466
15663 16706
5625 7880
24046 17493
2173 25682
28563 33489
3332 9316
27845 22164
31521 14161
13792 24041
30393 425
957 28682
16633 21988
33783 14043
33437 12145
4624 5568
27077 23362
6601 7738
10146 17974
25755 4310
11243 4924
5718 32561
4841 23464
11661 6221
18500 16150
11761 9259
22115 17795
11264 5355
32062 6968
2310 18483
4857 10414
15343 225
28991 28859
25264 14537
6292 28162
10060 6237
20636 30120
3848 4572
27236 30599
30626 17799
5639 20126
6382 17873
14878 32478
19933 3578
933 2945
22047 2240
34618 1766
8539 20679
3109 20072
567 12570
29300 27683
6742 7645
18302 33016
17649 6307
12997 33969
31820 25620
8365 12470
33642 5549
9787 14060
4985 15833
25897 12964
30190 23139
30988 9965
9528 16307
23502 27815
28809 28658
8231 6970
32114 24983
32207 27340
22785 27840
29231 5638
2812 29253
20978 9159
24284 24795
11199 26842
24513 2547
18602 21049
251 17756
2161 29565
25137 26600
11039 26252
1743 8413
7991 5770
7359 27970
3611 2211
30715 9878
33906 21720
159 9324
32373 22595
12818 11216
1375 11099
7419 15956
1611 25586
32765 34334
28105 31418
13091 34539
2594 11154
16476 33094
26623 18087
23704 1107
26249 20985
28159 7446
31918 9173
8675 15232
2938 25778
16893 15142
1664 34027
16495 1033
6259 20255
13382 32540
22964 4609
5573 11291
29484 32782
22137 1611
4648 14931
18087 32921
12641 24626
20229 18734
13780 13339
28415 30489
6672 18988
11360 11526
1308 12265
10460 21828
10516 22783
12228 10752
29005 26256
7266 2583
2210 1662
999 20739
18113 34167
15791 16107
23191 1360
10169 34528
21921 5337
29550 10138
27676 17162
17981 1807
19750 2983
26419 26390
34348 1749
32984 16868
1816 4118
12876 15510
28222 30388
22171 10546
33013 31917
13687 26072
14933 34029
23351 10036
14431 4881
16235 24843
3532 1191
12758 20607
19265 28451
26951 32083
25227 14463
15880 28954
30572 11052
26761 21245
16088 16421
25709 20505
14112 8876
32115 30770
3246 8639
20914 27626
4864 27408
2862 5629
30214 10101
20650 33671
15416 16445
1945 7848
27279 2937
29008 23692
5002 20172
4154 30299
12018 877
8743 30520
10809 24371
22613 24163
26674 31843
23391 23286
9384 17623
10267 5893
22217 14130
15519 30036
5672 13775
29425 6172
31781 21129
15962 28480
29138 11721
12149 16523
8346 15695
13696 27209
33279 7844
20990 8020
24962 4971
2736 20600
20122 27928
8960 29480
31484 17669
24819 2956
26583 8607
32018 6804
17253 13894
1441 22426
2215 22390
12966 5173
29169 16607
4024 5422
4673 24612
32520 8915
10033 33133
14075 5148
10943 22059
13417 14827
19059 14903
34548 1407
11776 33206
26799 5285
24663 2433
18910 18886
18090 19591
15417 22102
26855 26831
21978 27363
15664 27335
14091 30187
14132 32946
9238 17018
26375 7739
21951 11061
10963 4620
24724 1065
13561 26462
8878 30882
11585 2106
13830 21618
18436 2740
9445 16509
8732 15280
23532 28820
24206 22185
13927 9367
31582 21930
33511 24699
20920 27065
13679 22811
18491 1154
7972 9128
5168 6524
24150 6118
6146 27544
23095 11613
26910 16046
18987 6013
11710 2840
2840 4559
6092 12653
12494 17365
17199 4839
24989 2270
23951 25673
13667 9862
28549 27857
13128 25722
4535 5623
9318 15626
27600 30563
33186 5428
30461 27102
29476 34508
30065 21866
18940 240
33114 16616
12492 2980
7014 19681
4578 22989
17898 7636
24714 25589
5806 29998
5116 4147
31064 887
9108 30669
34508 34221
13060 22963
1282 28750
16326 33149
6336 1967
19682 1099
32644 34275
10617 11686
28485 10726
26968 6971
28195 9716
24846 32734
21764 29922
17051 1658
7910 22953
2455 33131
13147 19025
4309 22877
6231 6690
26176 16156
17827 1309
5813 20458
4248 29934
8145 28926
29052 9632
32356 7264
15609 2692
26848 1450
34498 23563
18245 24808
31571 30456
4408 10719
6920 25163
27325 2228
1703 1735
10309 33784
11716 25244
4614 33080
24088 13103
7188 18137
29623 12477
33108 33726
7530 32591
13063 21183
15445 447
21591 1029
15570 9348
12059 22651
6432 9296
184 16732
10379 20522
2761 4918
22647 24784
10159 6923
30965 32014
6164 31038
2037 4060
8245 9594
24209 19309
18774 19424
26238 11803
3595 23622
10662 13741
20865 2970
20585 23770
5440 23910
32880 23527
23347 21749
15684 34004
10198 9796
31009 16583
23025 10490
10996 9644
11605 15422
4002 22763
6780 23659
33981 15825
16777 637
32721 15968
21003 5402
30538 16793
20450 27780
2387 31175
31026 12150
28666 14809
29159 30957
2401 23636
11318 14378
8219 11936
7610 5235
18346 22931
11745 8007
679 25861
33052 32363
10530 7396
4810 30020
13399 31744
15370 11793
8544 25275
32650 22523
1763 26185
15282 3813
10876 7466
14273 13353
4941 26605
32093 15325
28060 28901
8946 15842
22806 33284
33938 4666
18058 2451
1228 11849
29382 12578
2047 32363
15086 15525
29234 21598
17759 33966
21002 8618
10456 29829
28652 18085
22731 20812
11404 28350
28332 18460
883 30357
364 5661
24689 24747
23004 6470
14949 17216
5107 10837
7759 1642
15012 25009
6341 20504
14308 25382
9743 15753
28134 14988
12634 25228
16946 14981
10487 1072
19537 23611
6341 9830
14193 5998
20651 10918
18769 32667
9915 3355
23225 18581
2344 9376
8486 5814
11850 13031
30638 28742
2938 6951
23867 1118
21548 8463
11458 25109
32904 14933
20392 24391
12559 19596
19949 1295
34250 10989
9182 26062
7747 18288
16252 23
22283 17407
32353 29833
18061 21949
32550 5007
29151 22966
5906 28339
25006 30028
22948 27546
34539 6447
3420 5900
5489 9274
32675 27243
26769 11092
8012 27031
30203 10970
1352 16673
25500 26407
32199 13850
9714 19927
17100 8179
12642 10340
19322 1064
331 16361
20816 6738
6339 28604
23672 14152
17562 8251
13975 10076
33923 15503
5047 26518
27893 32228
31045 31666
2539 18535
21035 19186
34475 18325
7273 7239
822 30031
26242 33049
14144 27779
20516 3148
20859 8013
22365 21358
6159 33216
12231 28633
21224 15162
11276 28789
21606 26183
9525 15418
16340 11113
28549 28740
31577 28176
9682 16559
17025 25127
20431 7302
33526 33950
12145 31438
6406 18184
16714 29991
21753 20644
32691 33219
7134 6997
31038 1243
19671 9994
33817 89
13522 29726
12940 18992
8844 18294
28004 33761
7263 4878
8861 12049
27138 12719
22457 3717
26863 6490
19137 30834
13768 10606
14625 14578
27339 30628
29205 31771
21721 7343
6815 19776
9545 31556
8601 9144
12690 25119
22140 16422
3486 30252
12393 28608
6198 9871
4689 565
2051 27409
25997 6811
17615 6712
23228 3206
22953 8481
20746 26836
3821 31330
15168 9424
10755 427
18676 11913
21038 2430
9668 20000
27114 14642
22528 32765
16506 27509
5308 25120
5535 1129
12779 23390
33913 25541
29086 26471
261 6500
4391 22792
19735 31406
28495 7549
13461 11918
14842 3472
20043 18227
11609 13388
33426 3961
26725 13519
30741 24300
25000 3468
25270 13135
23535 6034
11806 30017
28525 19794
3109 18719
1392 28075
31145 18320
4727 13349
2099 17457
20862 7807
28510 15824
26721 14064
9347 4685
16983 2059
24332 26305
679 30107
12210 5511
2082 12398
1907 7721
11317 12247
3069 28999
10140 3606
29720 34407
26791 14109
24437 4189
1579 2331
9225 23526
20736 24522
5717 31539
258 28026
8532 3337
30998 21046
15193 24102
24210 28320
24939 12325
31782 26300
27704 7214
13880 9867
6849 29711
16683 13277
33332 14835
1412 4695
7525 17628
1069 1325
6296 14846
21769 26646
16964 31609
25185 20166
14996 3357
29210 18598
23438 3626
1044 11975
1340 9499
20588 9801
9893 21355
25128 1255
5898 11473
19025 631
33357 6355
32246 8948
18230 26474
29349 7103
32082 16526
15994 14644
12881 10496
19206 16111
6595 34158
768 24576
6972 12514
19888 26351
31295 27654
26874 13484
2405 9923
27601 6025
9671 4612
22612 27685
31413 16610
12957 30764
20923 6039
9747 32564
31080 27435
10152 13006
23341 9250
1452 6389
28136 2692
21560 17725
16307 3379
29365 19849
22660 13551
13307 24418
30894 16973
15818 10658
26140 7678
24762 15269
29554 29567
20566 31623
9090 18792
25113 28769
11958 8896
3186 14767
5550 24657
8693 33076
10378 17414
18528 7812
2489 22269
15882 32357
27223 20275
30926 5604
17866 16804
9336 26295
5827 10391
27627 10618
7633 20113
9903 29865
32019 2529
28740 24560
24322 19463
24326 19050
7083 10947
10136 25489
30752 11587
21675 25972
18481 26206
6534 21065
19158 7418
21544 21631
9823 20022
7746 33268
16611 12434
8722 33629
14191 19174
7272 13606
4540 27806
9433 15680
19782 15755
29841 27573
11291 21553
12153 16166
11338 59
5979 31570
31324 32040
24485 13669
4224 12308
2322 2326
13781 5043
17245 19247
25937 2436
27397 8506
22115 4877
34238 32810
9702 7500
30530 30020
25337 25229
28175 15811
23457 30110
9527 33985
22490 8360
30594 30546
7579 25656
34467 16423
25687 18450
21467 13075
17975 14492
33059 12720
31578 12583
1252 9073
8080 13726
25325 15650
7742 13435
6283 7727
33043 19216
29524 402
19494 10598
30594 904
15551 20884
13517 29420
28727 30583
20764 8244
22319 28449
2626 6216
31155 23394
16253 32786
10584 25131
34234 29749
19778 32199
11680 13458
20674 639
12856 976
30359 20988
5883 13761
20366 6579
33971 980
33014 6275
21530 14115
26495 32594
28416 20443
18145 29832
25709 21997
33639 5671
18826 19157
31166 23345
15703 14260
30526 25472
16921 3106
11302 6026
10746 31924
1032 451
33443 29956
31094 8741
14958 9234
4984 19848
6157 12740
10559 12966
8274 27599
12308 10211
26399 9786
6790 3718
8100 2525
27046 26211
12131 6296
25526 31766
8998 5236
14311 25905
15725 24096
23145 15807
7074 14284
366 4664
31431 1566
124 1311
6689 12932
10995 12645
30223 2922
4815 32674
29820 16559
1066 8925
7369 4286
25997 33444
32812 1484
9043 16302
1515 32859
30692 30928
18094 26460
10405 33930
32395 13562
11036 8571
31002 14028
28309 27073
23832 24387
27809 11096
6279 16334
17336 28583
14741 3317
15501 32324
6881 32008
25690 11735
32117 7699
28443 7768
32553 7060
23780 7653
15559 29220
3575 19641
2554 3904
25667 11202
24146 21109
9010 23184
3307 4816
26612 15528
3323 11159
6388 21740
6102 18702
20343 3773
19577 2832
3244 10217
2893 5092
25074 32933
20317 19890
9611 3968
29376 16309
25071 8386
7025 7088
6726 169
13943 218
32306 18437
16251 30284
21114 15855
15335 17290
34288 30593
1087 23617
10267 15268
26495 22387
24678 8847
18586 8170
26363 29102
5017 32880
7582 19920
26247 29492
29243 23273
26878 1426
11780 21355
17075 2045
33484 7571
33597 5542
22737 31474
12197 23537
17417 15653
29407 14728
23323 9301
3177 14294
18376 8224
31029 25845
14557 7118
27435 15584
8510 7954
14168 27031
9160 16377
5836 2393
27391 22375
4417 24310
11771 3601
30344 23754
33950 17679
16876 5551
1527 3176
6334 30819
29051 25374
14441 14012
17418 4673
30973 13742
5437 24968
19990 16418
100 19046
17758 19954
23460 21975
28802 29397
5961 17177
31981 25012
5018 4820
11175 24015
29226 16252
5288 14465
4556 22485
24627 16995
29774 12443
32105 20826
24705 185
27645 4841
19578 32649
825 10424
27779 22580
3561 19607
18929 18291
30927 29786
10240 31576
31776 9606
4483 11339
25129 17582
11782 17147
18045 15344
15284 15869
7770 8291
33974 33933
33994 22018
27047 29395
6401 8292
444 1140
12306 24027
25220 14560
2742 12604
12962 30729
22544 3757
14602 14762
32163 29971
2954 21079
18165 14199
5707 2540
29086 22001
10646 32306
15950 27226
7384 11651
16292 10182
25745 1425
28002 1848
12879 33660
20385 10518
19932 10597
24174 18583
24469 30339
2409 9833
26208 29181
14493 1551
19655 13333
3062 13134
27338 24790
25224 18158
14505 18315
6208 26908
9927 32953
9454 9602
34031 4530
16162 15787
24181 27576
1719 34282
28986 14202
10571 6042
170 6195
27380 14988
10924 9159
2361 2638
25946 33813
26678 20402
30273 18248
26582 13479
30763 8982
2091 33544
9832 15062
12201 25820
31803 14302
6390 7600
32490 15540
1890 31694
21052 3293
15608 31253
33140 19619
4165 33661
11402 4723
28253 869
13418 8636
17630 2450
6894 1816
6734 2884
3425 32305
19294 1707
25296 4035
29618 1582
9804 7142
2561 6682
16096 17451
14064 6399
30770 944
14166 29515
15670 24916
11372 27940
8651 406
27688 3941
26486 15187
8544 29698
14751 9121
5999 18644
10793 20206
20638 7247
25799 13008
27849 10648
8657 32729
7865 33126
12170 25289
10383 33367
28721 34380
34158 6753
12909 764
2484 86
20313 2205
28781 1000
8352 24733
25884 10766
1912 20739
9464 10221
24887 34560
32973 33520
14136 14619
29088 15390
32032 1185
9842 7119
6491 20862
21366 12504
32885 6459
17330 20396
5119 13884
24984 15886
7261 338
14290 9669
32989 19679
12475 9079
16501 33975
29219 16611
3325 4641
19682 29202
16649 22241
19385 26875
11564 20572
31403 28192
28319 6564
10923 17135
22707 29238
24292 23990
1807 27527
27747 4589
7555 13718
11168 18851
2262 12995
15264 22148
1243 24515
1063 27529
21934 24332
30230 10348
2889 14799
19545 28028
24324 930
9095 14536
18455 31
13625 7199
23444 24322
34129 1861
23960 6843
30193 18876
14618 22664
29174 8113
28293 26182
27242 8718
25024 4248
25279 4170
12992 30321
1603 2148
32781 20728
23332 28425
16737 27340
28372 15718
33553 21371
11891 2872
34028 30402
31307 31717
18418 8825
25521 28352
16062 214
24062 31239
24974 34178
7876 20421
28689 19431
5658 30095
6702 21171
28600 17174
8134 5686
17755 2854
11853 895
844 30422
30829 31190
15402 12854
13001 23900
33963 5844
888 8834
27956 19042
3552 8926
3781 19940
29179 5653
18558 28435
29182 31152
21631 18680
9882 12493
22461 28641
20556 9503
4264 9267
12295 12256
32027 24842
24411 7280
16792 22809
12515 8736
33737 16874
4661 10261
457 26256
12144 26367
29713 2355
20716 24136
29892 7024
18723 19126
2808 27185
32815 14319
10830 16634
21234 21954
11058 4521
13679 3747
27711 13216
7927 9163
9383 20972
2126 32933
3070 25031
33804 26931
25092 28258
27494 21246
22893 4362
868 10839
13808 4737
16417 5719
18812 23291
30446 7268
16411 20031
33912 32102
12706 31559
27277 24745
7213 7370
9767 18599
25314 28815
16718 16826
26615 22948
18149 14549
33894 13920
16859 22040
30764 1797
14285 28896
9334 29301
25504 300
7719 19446
33802 20817
18517 8096
21391 9825
6616 3170
2140 28178
21310 1541
2016 28855
5035 3282
33864 16156
20761 2957
24822 13923
15384 28338
22613 1977
28275 21876
1833 30502
9242 32096
6410 34539
30823 23488
27523 15540
4107 33806
23110 22051
4681 22498
25952 23688
6425 28500
12717 11659
6426 20959
18980 21195
15881 3007
21628 34357
14455 31004
23450 33584
1920 9975
9529 6103
19657 13022
21690 31484
13057 19276
6145 1309
27029 25592
27690 25479
21061 2190
14351 12119
17852 18973
24683 2638
12807 4362
21711 29416
3552 26952
32699 30456
27256 10482
29090 21650
27651 27284
17776 701
31200 11438
10071 4239
4701 5655
34507 19733
23842 3005
179 32702
25115 4615
18055 20113
24019 16488
2352 27409
16480 7169
3670 3472
21757 14298
30815 24587
17766 6552
21351 33799
16765 19105
30422 21050
23403 7850
34419 20411
6970 9906
1514 28847
10453 19393
16332 32370
17208 3927
24824 20786
11845 1647
2491 3176
26477 20287
33034 10875
8758 27565
202 19584
589 23284
6128 1319
16134 17649
22274 27923
3567 32494
8976 31194
330 26194
1253 14827
4866 12901
29896 7458
247 17868
4950 28995
28172 27883
13979 19177
31959 9555
16329 8782
11451 3259
10343 9725
15450 9858
12809 30194
7093 34125
4 25288
27092 14927
8238 25618
25996 27929
29392 28565
29724 20505
29222 6848
34529 31758
25807 6210
26985 11358
13454 21481
1324 19238
849 4495
9082 34340
11994 25729
22702 30071
6737 5325
31337 23282
33761 26184
18311 27850
5091 31122
33725 31256
16009 8305
16030 27696
21838 4311
28819 2723
28248 6727
9310 3988
9388 21444
21129 5586
34472 18014
29209 13093
17719 10153
10596 14437
26843 19189
17574 22395
15922 14430
17760 3696
26273 27309
22523 33245
6824 18296
31565 16359
24915 5076
8894 24222
1906 7869
9317 26188
12481 2220
30998 16948
1631 29033
9729 21181
5548 12734
29706 33390
19925 31092
7145 16169
813 5892
10606 18074
1856 31300
7509 19092
17387 5683
21071 20873
11971 27461
24926 33244
32915 29633
708 29557
19626 8385
8804 10928
29980 32253
34563 16865
13365 26513
4440 19547
3229 1279
3956 27297
10685 2269
23425 7936
25206 23629
29514 29027
29199 33414
15685 23158
18092 21952
18236 31770
2064 22703
18865 19616
20724 15580
33606 21730
3333 22778
32014 9361
29638 33028
14045 21517
1104 34320
32263 20692
30039 17770
5786 15284
12464 10069
7511 19931
6782 21981
3689 19377
7156 2215
28154 1550
30000 32780
26383 29625
32809 24780
26007 12582
4924 9662
29052 16203
28704 5269
26764 30077
20644 18893
18622 9213
29160 11816
10918 3396
22434 21073
7798 19550
5481 10597
27598 12441
19364 20557
6128 18966
7056 1088
8345 16372
3801 8255
5596 4587
4629 19701
14432 19538
31103 11848
30213 10595
21999 26237
11871 23747
17192 2778
7247 31238
30169 29988
5467 19351
1021 17084
10385 2028
27683 10049
21128 20713
32510 7625
420 14158
6499 6550
10562 24248
22581 5689
6607 248
33390 19003
28684 6374
21577 30778
10075 31677
33503 16496
3999 31444
9781 22683
32376 9215
25808 4846
32316 28054
5651 14062
25340 6023
27953 7116
20843 7466
8166 11185
14491 18581
12795 23224
20832 20068
6315 18697
32089 13233
27596 17157
4192 1139
32940 2251
9696 31508
16704 23750
21816 18301
3538 9252
24863 19210
24024 11800
32114 1376
23780 5980
3712 26102
4974 22136
32035 25250
4246 24123
34600 29492
27946 27972
1182 4002
20608 5850
10193 23842
7328 19739
11731 6786
27043 21097
24767 24257
30873 32096
24896 18984
13110 22293
6606 32039
7820 9812
17028 6386
11159 9266
20091 26753
16326 4948
33993 1051
24718 25294
22622 27567
15667 18428
34499 15842
10724 29121
29872 4393
15 20666
26175 2928
26140 12048
8256 29686
25524 23355
16364 17380
32952 4638
24896 31112
25759 4582
118 28199
5288 20871
26196 22250
22580 29131
30403 20498
3878 32304
1212 3311
1322 11795
28150 12870
15108 20051
28224 4385
6563 4282
32317 12468
8137 33729
27378 31866
9756 14770
15733 12655
32592 30407
11201 17799
8199 26981
31779 18058
11126 15872
17759 14607
1919 3568
26403 31726
8367 25730
31518 25324
28945 14848
27591 10649
20210 27576
30180 5313
31537 9145
28890 33805
15561 20466
28636 2146
22246 7318
11850 9966
13375 28536
574 13459
33691 30735
8108 22848
32539 23717
23842 19124
21511 11444
25941 1076
29120 27267
1107 10906
32241 23322
27797 32867
11595 5452
17797 25283
12398 14613
5462 18468
4511 22624
17307 32816
18332 18888
29992 21671
16798 15372
10702 5686
11996 22379
6605 26155
33553 25051
5364 34424
25451 14290
21582 6678
20605 10271
26519 17662
22996 18572
28012 8179
