44441.367
22695.176
65804.22
62570.746
65786.32
75353.984
50062.535
19458.285
14746.024
17612.13
52415.863
33357.01
43736.613
25719.17
7281.699
22125.918
37408.832
6857.508
49465.945
23152.523
76882.44
66011.9
47101.27
27178.84
5459.26
51837.832
18663.752
20208.717
62069.734
60778.895
3515.5186
40486.34
58676.13
20876.51
13405.075
16793.875
11678.37
18426.871
37395.73
5974.15
9172.8
86445.125
29287.398
5447.588
32841.535
43147.555
68720.34
7207.3813
64821.77
57964.934
14772.661
12009.993
25406.355
14706.862
51459.113
74625.15
27705.25
12753.352
58855.184
43068.47
29397.344
66511.16
30664.316
25374.826
59594.9
29999.682
39630.883
13964.304
63389.117
20886.824
10487.007
94050.414
30667.234
30231.105
8029.9526
8278.954
28535.621
53737.836
33251.98
9497.419
20419.465
18027.361
2225.4734
18785.664
19000.861
37089.957
35754.83
7374.389
33817.867
8654.736
35226.445
74662.414
35510.387
16337.439
10571.183
37901.117
2911.573
65790.73
30355.838
62147.543
25477.47
15104.282
62456.168
19364.797
38878.348
7571.954
5937.596
36538.438
74581.81
67079.055
40127.32
29910.424
55981.117
14193.796
79322.516
59882.566
65712.47
39275.035
28030.541
32956.59
68519.47
59648.957
37464.86
11364.383
3520.1636
21410.785
56058.633
8991.948
64653.67
33250.188
11790.715
75983.17
35189.785
73890.664
64463.785
47513.027
49729.473
59118.168
10171.691
70391.336
52200.703
25492.943
32111.57
53874.816
32822.906
63905.227
2251.9644
29804.553
38305.32
65377.066
17596.625
74567.04
45432.016
61446.773
25244.383
15545.834
62995.914
28503.334
33936.887
20651.332
59081.754
42010.73
10507.357
88285.78
24148.79
5940.827
48578.652
82041.98
35053.68
23716.006
47365.51
21499.244
61342.105
35548.0
66023.85
20618.098
46059.598
38931.22
26629.566
8342.571
11973.754
88903.42
58595.277
24733.59
24215.342
5972.1606
24984.566
82610.734
32130.803
87745.016
27353.494
81012.33
11354.124
7622.8647
32936.668
76465.31
38950.34
9670.8545
54901.465
22727.035
44664.066
85923.11
29004.375
23507.773
16870.533
27224.691
29997.807
81650.12
22677.004
38158.008
13856.358
69458.21
33574.9
12937.08
52355.523
7814.5747
43580.297
92310.61
12422.28
85937.17
30021.666
45995.35
1622.1213
55113.836
38289.574
9511.354
12542.259
49836.527
9536.337
27324.234
4973.0806
85188.9
21800.805
14487.896
66684.52
64789.316
11360.195
23516.137
50072.48
47649.277
20770.104
95319.89
65780.234
45767.08
36480.277
82572.85
26655.045
58887.367
31143.584
50673.395
26956.324
37659.742
37350.754
25177.7
26785.887
55081.508
55458.44
14059.877
65105.965
3291.2712
23517.977
23783.479
82965.82
37921.38
21280.1
30671.844
24359.217
36482.11
35609.766
39367.324
16387.385
33055.105
42361.305
40927.11
6010.614
26455.49
20180.973
31518.455
70551.56
74683.984
48014.402
41859.15
34730.137
43316.93
65910.06
30995.268
29674.99
32446.836
39129.848
52224.844
52349.785
18167.67
63690.125
6207.476
15585.147
13721.275
33675.65
35990.824
15211.06
30212.092
56555.348
92015.195
28543.254
283.55298
14381.725
24027.328
80093.8
45058.59
51514.7
64601.723
78197.01
19501.305
6342.704
29410.547
27512.477
50386.406
31003.691
4808.864
27675.133
11333.664
16370.027
12039.288
24759.932
29347.355
34503.543
44991.316
15964.383
52216.426
7054.5073
24874.008
15517.832
46067.797
40212.457
34043.31
34833.41
8218.625
22720.355
41243.297
51184.83
41184.668
52856.74
47148.617
33840.574
31816.047
19980.152
39152.117
16359.873
13974.261
49994.973
19123.861
52608.49
35056.168
23258.229
32470.027
38548.082
26949.922
19683.018
41635.45
28551.662
29447.373
12042.316
37197.695
47947.742
32230.738
30301.895
21618.7
41146.06
8919.607
67972.16
38571.277
15910.482
55736.867
49963.95
37961.062
30627.457
16401.768
26272.033
27813.5
80618.31
60882.316
87698.13
35606.418
53614.715
42414.74
34587.336
33465.203
36836.46
35304.234
20437.918
82441.37
26500.129
53612.88
27038.535
68877.73
48637.22
32723.113
13769.653
13059.729
85076.57
81218.945
4647.676
3095.2705
23900.545
17618.64
31137.338
40425.61
25872.252
12284.215
16781.018
32981.727
62645.875
33992.477
31857.05
45174.914
32008.227
73897.94
56303.984
26497.072
43109.62
7543.589
30137.564
31447.28
48052.41
41978.805
54989.44
37125.023
9690.993
18849.158
28440.559
20380.852
46012.703
41329.383
79622.766
17309.15
37229.87
57216.836
39921.29
29467.023
13687.068
42564.492
42838.316
49711.59
12079.171
9723.968
57743.195
30653.453
81043.8
43101.035
1523.8928
52369.535
5682.617
15352.456
7535.8667
59945.1
27937.227
16730.03
41675.1
18407.402
14632.333
21465.986
13480.517
31192.176
50518.85
6857.7593
26308.94
23865.422
19591.549
36640.098
43335.77
23132.354
34665.043
23720.81
53108.996
22453.559
25210.605
19040.932
43407.543
33728.34
34480.62
55299.453
28955.947
6967.408
26859.512
64986.6
79945.766
92246.555
13582.879
52442.23
5148.109
39293.11
10164.124
12472.8
762.3329
7268.308
67724.375
31067.135
26115.436
28923.95
52521.914
5039.211
86285.94
44613.816
3995.483
26251.256
54781.707
98517.34
6132.946
12170.509
58234.195
25026.035
15740.991
64210.01
55520.715
5323.397
47793.76
42983.547
19662.299
43768.07
23759.773
21555.41
49408.58
47907.97
83231.2
28052.406
47370.0
85753.38
17910.926
24880.93
37285.92
18972.1
71189.01
31200.162
12237.804
15168.987
63081.83
49968.473
72150.63
45181.35
35192.71
34482.688
30424.66
5024.5317
35772.926
9090.778
36400.44
18436.17
23841.576
39023.22
27457.3
5518.085
37953.9
43912.305
29943.61
56637.758
90686.46
58993.965
16197.556
69811.96
9723.996
38129.973
7492.232
37158.42
4114.27
59381.438
17275.658
13123.3125
29652.43
87304.66
61038.395
38798.617
15553.873
56946.617
48781.684
27406.89
25518.127
42354.75
27368.19
46189.66
89067.25
5844.8657
41964.066
22455.11
28368.58
66175.67
12783.478
47790.285
2782.042
10410.749
10203.85
64787.258
17799.68
5664.109
41510.734
30017.998
36374.26
82831.69
45026.15
17950.422
58926.86
12816.224
40106.85
30080.135
76717.97
27317.223
50898.543
28652.55
34738.62
67227.195
48138.223
10274.258
60513.723
34748.26
36903.38
18286.59
30688.457
20795.002
5254.303
33975.06
49461.875
23775.615
36304.8
18791.646
14373.816
7190.0522
20262.984
10313.393
26189.428
49170.19
37770.21
32653.96
71994.0
7357.2437
25419.969
41209.406
50637.37
9928.592
26967.1
3863.3738
34365.22
51871.156
18110.604
27629.928
20668.307
74660.695
45377.0
62606.047
84123.43
26076.39
8761.183
24060.164
53625.145
87414.42
13653.83
56527.625
22286.672
35212.84
52021.152
12617.042
48694.383
40620.504
51064.902
42073.445
23471.143
94726.164
23843.201
77917.05
50558.418
43177.977
8786.488
9878.789
40570.68
82239.22
81117.04
20061.115
12623.491
40954.688
17664.477
26271.92
33420.242
23599.81
33361.223
7209.8867
7037.5713
37854.152
21548.426
25958.082
6015.965
25456.031
26356.799
36649.18
14822.369
69829.01
52970.39
77856.59
14739.112
77183.77
4612.535
20724.594
6457.5483
26763.377
11483.984
24412.404
8340.06
52988.73
30478.883
37268.453
19969.799
17490.295
89884.59
22721.73
15954.361
46950.094
19780.018
32890.457
60226.434
7301.565
33447.465
16327.346
85575.555
18254.344
62558.22
43084.062
29234.15
40978.332
18994.12
1291.8518
32034.652
32874.92
12213.522
88498.805
22593.662
24900.363
43350.605
28931.38
30097.652
12822.443
41837.895
13579.483
17544.17
45711.03
75249.41
27539.959
13265.553
38297.008
39479.645
35921.58
28677.994
67011.63
13453.731
53102.94
26005.494
36116.98
26955.553
35734.125
27798.143
13989.633
45258.008
68032.1
68451.61
79798.984
9687.55
44775.293
30903.418
67833.086
53101.176
26034.826
77306.98
40519.066
36198.76
37035.176
20358.262
26190.959
40201.777
59471.125
17631.135
19065.732
43012.305
2953.28
26806.3
38915.3
21995.447
4819.9727
21694.615
37166.48
35810.55
79721.164
54681.246
16904.416
61481.188
32600.25
69754.59
17607.451
32493.719
17728.57
50004.258
19783.334
9249.023
22172.668
60733.375
38916.15
