44441.367 62
22695.176 46
65804.22 32
62570.746 36
65786.32 50
75353.984 50
50062.535 33
19458.285 31
14746.024 43
17612.13 43
52415.863 62
33357.01 48
43736.613 37
25719.17 32
7281.699 28
22125.918 23
37408.832 23
6857.508 27
49465.945 29
23152.523 39
76882.44 37
66011.9 32
47101.27 35
27178.84 26
5459.26 19
51837.832 21
18663.752 22
20208.717 21
62069.734 19
60778.895 21
3515.5186 21
40486.34 23
58676.13 23
20876.51 22
13405.075 23
16793.875 28
11678.37 23
18426.871 19
37395.73 22
5974.15 22
9172.8 21
86445.125 22
29287.398 21
5447.588 21
32841.535 23
43147.555 22
68720.34 22
7207.3813 20
64821.77 32
57964.934 36
14772.661 27
12009.993 23
25406.355 21
14706.862 21
51459.113 21
74625.15 21
27705.25 22
12753.352 20
58855.184 21
43068.47 21
29397.344 22
66511.16 20
30664.316 20
25374.826 19
59594.9 17
29999.682 16
39630.883 16
13964.304 16
63389.117 17
20886.824 18
10487.007 16
94050.414 15
30667.234 15
30231.105 15
8029.9526 18
8278.954 23
28535.621 17
53737.836 16
33251.98 18
9497.419 15
20419.465 16
18027.361 18
2225.4734 17
18785.664 18
19000.861 19
37089.957 18
35754.83 15
7374.389 18
33817.867 19
8654.736 18
35226.445 16
74662.414 17
35510.387 16
16337.439 16
10571.183 16
37901.117 15
2911.573 15
65790.73 15
30355.838 17
62147.543 16
25477.47 15
15104.282 16
62456.168 17
19364.797 16
38878.348 15
7571.954 15
5937.596 17
36538.438 17
74581.81 15
67079.055 16
40127.32 16
29910.424 16
55981.117 15
14193.796 15
79322.516 16
59882.566 16
65712.47 18
39275.035 17
28030.541 19
32956.59 18
68519.47 18
59648.957 15
37464.86 16
11364.383 17
3520.1636 19
21410.785 15
56058.633 16
8991.948 20
64653.67 18
33250.188 19
11790.715 18
75983.17 18
35189.785 16
73890.664 15
64463.785 16
47513.027 15
49729.473 17
59118.168 16
10171.691 15
70391.336 15
52200.703 17
25492.943 16
32111.57 18
53874.816 17
32822.906 17
63905.227 17
2251.9644 1
29804.553 17
38305.32 16
65377.066 15
17596.625 16
74567.04 16
45432.016 18
61446.773 17
25244.383 16
15545.834 16
62995.914 16
28503.334 16
33936.887 17
20651.332 18
59081.754 15
42010.73 15
10507.357 16
88285.78 14
24148.79 14
5940.827 15
48578.652 15
82041.98 16
35053.68 16
23716.006 17
47365.51 16
21499.244 19
61342.105 18
35548.0 16
66023.85 17
20618.098 17
46059.598 18
38931.22 17
26629.566 17
8342.571 15
11973.754 15
88903.42 17
58595.277 18
24733.59 17
24215.342 17
5972.1606 17
24984.566 17
82610.734 17
32130.803 18
87745.016 15
27353.494 15
81012.33 15
11354.124 15
7622.8647 16
32936.668 16
76465.31 14
38950.34 15
9670.8545 16
54901.465 16
22727.035 16
44664.066 16
85923.11 15
29004.375 15
23507.773 19
16870.533 16
27224.691 16
29997.807 18
81650.12 17
22677.004 18
38158.008 16
13856.358 17
69458.21 17
33574.9 17
12937.08 18
52355.523 16
7814.5747 18
43580.297 16
92310.61 16
12422.28 19
85937.17 17
30021.666 17
45995.35 14
1622.1213 14
55113.836 16
38289.574 17
9511.354 16
12542.259 17
49836.527 16
9536.337 17
27324.234 16
4973.0806 14
85188.9 16
21800.805 16
14487.896 16
66684.52 17
64789.316 18
11360.195 16
23516.137 18
50072.48 17
47649.277 17
20770.104 17
95319.89 18
65780.234 17
45767.08 17
36480.277 16
82572.85 19
26655.045 17
58887.367 18
31143.584 16
50673.395 18
26956.324 16
37659.742 17
37350.754 18
25177.7 17
26785.887 15
55081.508 16
55458.44 17
14059.877 18
65105.965 16
3291.2712 16
23517.977 16
23783.479 16
82965.82 15
37921.38 16
21280.1 14
30671.844 16
24359.217 15
36482.11 15
35609.766 19
39367.324 17
16387.385 18
33055.105 17
42361.305 17
40927.11 15
6010.614 15
26455.49 16
20180.973 18
31518.455 17
70551.56 15
74683.984 15
48014.402 15
41859.15 15
34730.137 14
43316.93 15
65910.06 17
30995.268 17
29674.99 16
32446.836 15
39129.848 18
52224.844 15
52349.785 18
18167.67 15
63690.125 15
6207.476 16
15585.147 15
13721.275 17
33675.65 19
35990.824 15
15211.06 16
30212.092 15
56555.348 14
92015.195 17
28543.254 17
283.55298 17
14381.725 16
24027.328 18
80093.8 16
45058.59 16
51514.7 15
64601.723 15
78197.01 15
19501.305 16
6342.704 17
29410.547 17
27512.477 18
50386.406 15
31003.691 15
4808.864 17
27675.133 17
11333.664 14
16370.027 16
12039.288 16
24759.932 16
29347.355 16
34503.543 18
44991.316 17
15964.383 16
52216.426 17
7054.5073 17
24874.008 17
15517.832 16
46067.797 18
40212.457 16
34043.31 16
34833.41 13
8218.625 17
22720.355 16
41243.297 16
51184.83 15
41184.668 15
52856.74 16
47148.617 15
33840.574 17
31816.047 17
19980.152 17
39152.117 18
16359.873 17
13974.261 17
49994.973 15
19123.861 16
52608.49 18
35056.168 18
23258.229 17
32470.027 21
38548.082 18
26949.922 17
19683.018 17
41635.45 17
28551.662 15
29447.373 15
12042.316 16
37197.695 15
47947.742 15
32230.738 15
30301.895 15
21618.7 16
41146.06 16
8919.607 17
67972.16 16
38571.277 16
15910.482 15
55736.867 15
49963.95 16
37961.062 17
30627.457 17
16401.768 17
26272.033 17
27813.5 16
80618.31 15
60882.316 16
87698.13 16
35606.418 17
53614.715 16
42414.74 18
34587.336 18
33465.203 17
36836.46 18
35304.234 17
20437.918 18
82441.37 16
26500.129 16
53612.88 15
27038.535 20
68877.73 15
48637.22 15
32723.113 15
13769.653 17
13059.729 20
85076.57 17
81218.945 18
4647.676 17
3095.2705 17
23900.545 16
17618.64 15
31137.338 15
40425.61 15
25872.252 16
12284.215 15
16781.018 16
32981.727 16
62645.875 16
33992.477 14
31857.05 17
45174.914 17
32008.227 18
73897.94 18
56303.984 15
26497.072 17
43109.62 18
7543.589 15
30137.564 14
31447.28 16
48052.41 16
41978.805 15
54989.44 16
37125.023 15
9690.993 16
18849.158 15
28440.559 16
20380.852 18
46012.703 18
41329.383 18
79622.766 18
17309.15 18
37229.87 17
57216.836 19
39921.29 17
29467.023 16
13687.068 17
42564.492 16
42838.316 18
49711.59 16
12079.171 18
9723.968 17
57743.195 17
30653.453 17
81043.8 17
43101.035 17
1523.8928 18
52369.535 18
5682.617 19
15352.456 19
7535.8667 18
59945.1 18
27937.227 15
16730.03 16
41675.1 15
18407.402 16
14632.333 16
21465.986 17
13480.517 16
31192.176 15
50518.85 16
6857.7593 17
26308.94 15
23865.422 16
19591.549 16
36640.098 16
43335.77 15
23132.354 15
34665.043 16
23720.81 15
53108.996 15
22453.559 15
25210.605 15
19040.932 16
43407.543 16
33728.34 16
34480.62 14
55299.453 13
28955.947 16
6967.408 14
26859.512 16
64986.6 14
79945.766 15
92246.555 14
13582.879 15
52442.23 15
5148.109 17
39293.11 15
10164.124 16
12472.8 18
762.3329 16
7268.308 19
67724.375 17
31067.135 17
26115.436 18
28923.95 16
52521.914 17
5039.211 17
86285.94 16
44613.816 15
3995.483 15
26251.256 15
54781.707 16
98517.34 14
6132.946 16
12170.509 16
58234.195 16
25026.035 16
15740.991 16
64210.01 15
55520.715 15
5323.397 15
47793.76 16
42983.547 16
19662.299 16
43768.07 18
23759.773 18
21555.41 17
49408.58 16
47907.97 15
83231.2 16
28052.406 15
47370.0 16
85753.38 18
17910.926 17
24880.93 16
37285.92 19
18972.1 18
71189.01 16
31200.162 18
12237.804 17
15168.987 16
63081.83 16
49968.473 14
72150.63 16
45181.35 15
35192.71 16
34482.688 15
30424.66 14
5024.5317 16
35772.926 16
9090.778 17
36400.44 21
18436.17 17
23841.576 18
39023.22 17
27457.3 17
5518.085 18
37953.9 18
43912.305 18
29943.61 17
56637.758 17
90686.46 16
58993.965 18
16197.556 16
69811.96 14
9723.996 16
38129.973 15
7492.232 15
37158.42 15
4114.27 16
59381.438 16
17275.658 15
13123.3125 15
29652.43 15
87304.66 18
61038.395 16
38798.617 17
15553.873 16
56946.617 17
48781.684 17
27406.89 17
25518.127 17
42354.75 17
27368.19 16
46189.66 17
89067.25 15
5844.8657 14
41964.066 16
22455.11 15
28368.58 16
66175.67 15
12783.478 14
47790.285 14
2782.042 16
10410.749 18
10203.85 16
64787.258 17
17799.68 15
5664.109 17
41510.734 18
30017.998 17
36374.26 17
82831.69 16
45026.15 17
17950.422 16
58926.86 16
12816.224 17
40106.85 17
30080.135 17
76717.97 17
27317.223 17
50898.543 18
28652.55 17
34738.62 16
67227.195 17
48138.223 17
10274.258 16
60513.723 16
34748.26 16
36903.38 16
18286.59 16
30688.457 15
20795.002 15
5254.303 16
33975.06 15
49461.875 15
23775.615 17
36304.8 17
18791.646 16
14373.816 17
7190.0522 17
20262.984 16
10313.393 15
26189.428 16
49170.19 17
37770.21 15
32653.96 17
71994.0 16
7357.2437 18
25419.969 17
41209.406 16
50637.37 18
9928.592 16
26967.1 16
3863.3738 18
34365.22 15
51871.156 14
18110.604 15
27629.928 17
20668.307 15
74660.695 15
45377.0 17
62606.047 15
84123.43 15
26076.39 16
8761.183 18
24060.164 20
53625.145 18
87414.42 17
13653.83 17
56527.625 17
22286.672 17
35212.84 18
52021.152 18
12617.042 18
48694.383 18
40620.504 16
51064.902 17
42073.445 18
23471.143 18
94726.164 16
23843.201 17
77917.05 17
50558.418 16
43177.977 18
8786.488 16
9878.789 15
40570.68 16
82239.22 15
81117.04 14
20061.115 15
12623.491 15
40954.688 16
17664.477 16
26271.92 15
33420.242 15
23599.81 15
33361.223 16
7209.8867 1
7037.5713 16
37854.152 16
21548.426 16
25958.082 20
6015.965 18
25456.031 17
26356.799 15
36649.18 16
14822.369 15
69829.01 15
52970.39 15
77856.59 15
14739.112 16
77183.77 15
4612.535 14
20724.594 16
6457.5483 16
26763.377 15
11483.984 18
24412.404 18
8340.06 16
52988.73 16
30478.883 17
37268.453 16
19969.799 18
17490.295 16
89884.59 16
22721.73 18
15954.361 18
46950.094 17
19780.018 16
32890.457 17
60226.434 15
7301.565 18
33447.465 13
16327.346 16
85575.555 18
18254.344 17
62558.22 15
43084.062 15
29234.15 16
40978.332 14
18994.12 15
1291.8518 14
32034.652 16
32874.92 16
12213.522 16
88498.805 15
22593.662 15
24900.363 16
43350.605 16
28931.38 17
30097.652 17
12822.443 16
41837.895 17
13579.483 17
17544.17 16
45711.03 16
75249.41 16
27539.959 15
13265.553 15
38297.008 16
39479.645 16
35921.58 16
28677.994 15
67011.63 18
13453.731 18
53102.94 17
26005.494 17
36116.98 15
26955.553 16
35734.125 15
27798.143 15
13989.633 16
45258.008 14
68032.1 14
68451.61 16
79798.984 15
9687.55 15
44775.293 16
30903.418 15
67833.086 16
53101.176 16
26034.826 15
77306.98 14
40519.066 14
36198.76 15
37035.176 15
20358.262 15
26190.959 14
40201.777 15
59471.125 14
17631.135 15
19065.732 15
43012.305 16
2953.28 15
26806.3 16
38915.3 16
21995.447 18
4819.9727 18
21694.615 16
37166.48 17
35810.55 16
79721.164 18
54681.246 16
16904.416 17
61481.188 16
32600.25 18
69754.59 16
17607.451 18
32493.719 17
17728.57 17
50004.258 17
19783.334 16
9249.023 16
22172.668 16
60733.375 17
38916.15 17
7537.4727 18
57678.625 17
38124.59 13
52602.863 16
58797.863 14
41267.68 15
41418.008 15
42571.555 16
15690.046 16
51919.5 17
90312.66 16
34763.3 16
57767.46 14
43113.42 17
46118.03 16
34439.465 16
36559.99 15
27652.166 15
28982.871 17
45997.207 15
28171.996 16
27322.855 16
33381.03 17
36267.96 17
15174.163 17
9571.5625 16
40435.44 16
30549.465 16
30483.994 16
8152.4844 17
46851.54 17
27172.344 16
60366.46 16
21894.645 15
27877.469 16
12350.012 15
25553.252 15
15271.207 14
28177.824 15
15515.105 16
7183.074 18
11429.152 17
