62
46
32
36
50
50
33
31
43
43
62
48
37
32
28
23
23
27
29
39
37
32
35
26
19
21
22
21
19
21
21
23
23
22
23
28
23
19
22
22
21
22
21
21
23
22
22
20
32
36
27
23
21
21
21
21
22
20
21
21
22
20
20
19
17
16
16
16
17
18
16
15
15
15
18
23
17
16
18
15
16
18
17
18
19
18
15
18
19
18
16
17
16
16
16
15
15
15
17
16
15
16
17
16
15
15
17
17
15
16
16
16
15
15
16
16
18
17
19
18
18
15
16
17
19
15
16
20
18
19
18
18
16
15
16
15
17
16
15
15
17
16
18
17
17
17
1
17
16
15
16
16
18
17
16
16
16
16
17
18
15
15
16
14
14
15
15
16
16
17
16
19
18
16
17
17
18
17
17
15
15
17
18
17
17
17
17
17
18
15
15
15
15
16
16
14
15
16
16
16
16
15
15
19
16
16
18
17
18
16
17
17
17
18
16
18
16
16
19
17
17
14
14
16
17
16
17
16
17
16
14
16
16
16
17
18
16
18
17
17
17
18
17
17
16
19
17
18
16
18
16
17
18
17
15
16
17
18
16
16
16
16
15
16
14
16
15
15
19
17
18
17
17
15
15
16
18
17
15
15
15
15
14
15
17
17
16
15
18
15
18
15
15
16
15
17
19
15
16
15
14
17
17
17
16
18
16
16
15
15
15
16
17
17
18
15
15
17
17
14
16
16
16
16
18
17
16
17
17
17
16
18
16
16
13
17
16
16
15
15
16
15
17
17
17
18
17
17
15
16
18
18
17
21
18
17
17
17
15
15
16
15
15
15
15
16
16
17
16
16
15
15
16
17
17
17
17
16
15
16
16
17
16
18
18
17
18
17
18
16
16
15
20
15
15
15
17
20
17
18
17
17
16
15
15
15
16
15
16
16
16
14
17
17
18
18
15
17
18
15
14
16
16
15
16
15
16
15
16
18
18
18
18
18
17
19
17
16
17
16
18
16
18
17
17
17
17
17
18
18
19
19
18
18
15
16
15
16
16
17
16
15
16
17
15
16
16
16
15
15
16
15
15
15
15
16
16
16
14
13
16
14
16
14
15
14
15
15
17
15
16
18
16
19
17
17
18
16
17
17
16
15
15
15
16
14
16
16
16
16
16
15
15
15
16
16
16
18
18
17
16
15
16
15
16
18
17
16
19
18
16
18
17
16
16
14
16
15
16
15
14
16
16
17
21
17
18
17
17
18
18
18
17
17
16
18
16
14
16
15
15
15
16
16
15
15
15
18
16
17
16
17
17
17
17
17
16
17
15
14
16
15
16
15
14
14
16
18
16
17
15
17
18
17
17
16
17
16
16
17
17
17
17
17
18
17
16
17
17
16
16
16
16
16
15
15
16
15
15
17
17
16
17
17
16
15
16
17
15
17
16
18
17
16
18
16
16
18
15
14
15
17
15
15
17
15
15
16
18
20
18
17
17
17
17
18
18
18
18
16
17
18
18
16
17
17
16
18
16
15
16
15
14
15
15
16
16
15
15
15
16
1
16
16
16
20
18
17
15
16
15
15
15
15
16
15
14
16
16
15
18
18
16
16
17
16
18
16
16
18
18
17
16
17
15
18
13
16
18
17
15
15
16
14
15
14
16
16
16
15
15
16
16
17
17
16
17
17
16
16
16
15
15
16
16
16
15
18
18
17
17
15
16
15
15
16
14
14
16
15
15
16
15
16
16
15
14
14
15
15
15
14
15
14
15
15
16
15
16
16
18
18
16
17
16
18
16
17
16
18
16
18
17
17
17
16
16
16
17
17
